[8, 10, 1, 1, 1, 1, 1, 1, 1, 1, 1, 1, 1, 1, 1, 1, 10, 11, 3];[0, 0, 1, 0, 0, 0];-1;[8, 9, 1, 1, 1, 1, 1, 1, 1, 1, 1, 1, 1, 10, 1, 1, 1, 11, 3];False
[8, 9, 1, 1, 1, 1, 1, 1, 1, 1, 1, 1, 1, 10, 1, 1, 1, 11, 3];[0, 0, 1, 0, 0, 0];-1;[8, 8, 1, 1, 1, 1, 1, 1, 1, 1, 1, 1, 10, 0, 1, 1, 1, 11, 3];False
[8, 8, 1, 1, 1, 1, 1, 1, 1, 1, 1, 1, 10, 0, 1, 1, 1, 11, 3];[0, 0, 1, 0, 0, 0];-1;[8, 7, 1, 1, 1, 1, 1, 1, 1, 1, 1, 10, 0, 0, 1, 1, 1, 11, 3];False
[8, 7, 1, 1, 1, 1, 1, 1, 1, 1, 1, 10, 0, 0, 1, 1, 1, 11, 3];[0, 0, 1, 0, 0, 0];-1;[8, 6, 1, 1, 1, 1, 1, 1, 1, 1, 10, 0, 0, 0, 1, 1, 1, 11, 3];False
[8, 6, 1, 1, 1, 1, 1, 1, 1, 1, 10, 0, 0, 0, 1, 1, 1, 11, 3];[0, 0, 1, 0, 0, 0];-1;[8, 5, 1, 1, 1, 1, 1, 1, 1, 1, 1, 1, 1, 1, 1, 1, 10, 11, 3];False
[8, 5, 1, 1, 1, 1, 1, 1, 1, 1, 1, 1, 1, 1, 1, 1, 10, 11, 3];[0, 1, 0, 0, 0, 0];-1;[9, 5, 1, 1, 0, 0, 1, 1, 0, 0, 1, 1, 0, 0, 1, 1, 1, 11, 3];False
[9, 5, 1, 1, 0, 0, 1, 1, 0, 0, 1, 1, 0, 0, 1, 1, 1, 11, 3];[0, 0, 0, 1, 0, 0];-1;[9, 6, 1, 1, 1, 1, 1, 1, 1, 1, 1, 1, 1, 1, 1, 1, 1, 11, 3];False
[9, 6, 1, 1, 1, 1, 1, 1, 1, 1, 1, 1, 1, 1, 1, 1, 1, 11, 3];[0, 0, 1, 0, 0, 0];-1;[9, 5, 1, 1, 1, 1, 1, 1, 1, 1, 1, 1, 1, 1, 1, 1, 1, 11, 3];False
[9, 5, 1, 1, 1, 1, 1, 1, 1, 1, 1, 1, 1, 1, 1, 1, 1, 11, 3];[0, 0, 1, 0, 0, 0];-1;[9, 4, 1, 1, 1, 1, 1, 1, 1, 1, 1, 1, 1, 1, 1, 1, 1, 11, 3];False
[9, 4, 1, 1, 1, 1, 1, 1, 1, 1, 1, 1, 1, 1, 1, 1, 1, 11, 3];[0, 0, 0, 1, 0, 0];-1;[9, 5, 1, 1, 1, 1, 1, 1, 1, 1, 1, 1, 1, 1, 1, 1, 1, 11, 3];False
[9, 5, 1, 1, 1, 1, 1, 1, 1, 1, 1, 1, 1, 1, 1, 1, 1, 11, 3];[0, 0, 1, 0, 0, 0];-1;[9, 4, 1, 1, 1, 1, 1, 1, 1, 1, 1, 1, 1, 1, 1, 1, 1, 11, 3];False
[9, 4, 1, 1, 1, 1, 1, 1, 1, 1, 1, 1, 1, 1, 1, 1, 1, 11, 3];[0, 0, 1, 0, 0, 0];-1;[9, 3, 1, 1, 1, 0, 1, 1, 1, 0, 1, 1, 1, 0, 1, 1, 1, 11, 3];False
[9, 3, 1, 1, 1, 0, 1, 1, 1, 0, 1, 1, 1, 0, 1, 1, 1, 11, 3];[0, 0, 1, 0, 0, 0];-1;[9, 2, 1, 1, 0, 0, 1, 1, 0, 0, 1, 1, 0, 0, 1, 1, 1, 11, 3];False
[9, 2, 1, 1, 0, 0, 1, 1, 0, 0, 1, 1, 0, 0, 1, 1, 1, 11, 3];[0, 0, 1, 0, 0, 0];-1;[9, 1, 1, 0, 0, 0, 1, 0, 0, 0, 1, 0, 0, 0, 1, 1, 1, 11, 3];False
[9, 1, 1, 0, 0, 0, 1, 0, 0, 0, 1, 0, 0, 0, 1, 1, 1, 11, 3];[0, 0, 1, 0, 0, 0];-1;[9, 0, 0, 0, 0, 0, 0, 0, 0, 0, 0, 0, 0, 0, 1, 1, 1, 11, 3];False
[9, 0, 0, 0, 0, 0, 0, 0, 0, 0, 0, 0, 0, 0, 1, 1, 1, 11, 3];[0, 0, 0, 1, 0, 0];-1;[9, 1, 1, 1, 1, 1, 1, 1, 1, 1, 1, 1, 1, 1, 1, 1, 1, 11, 3];False
[9, 1, 1, 1, 1, 1, 1, 1, 1, 1, 1, 1, 1, 1, 1, 1, 1, 11, 3];[1, 0, 0, 0, 0, 0];-1;[8, 1, 10, 0, 0, 0, 1, 1, 1, 1, 1, 1, 1, 1, 1, 1, 1, 11, 3];False
[8, 1, 10, 0, 0, 0, 1, 1, 1, 1, 1, 1, 1, 1, 1, 1, 1, 11, 3];[0, 0, 1, 0, 0, 0];-1;[8, 0, 0, 0, 0, 0, 0, 0, 0, 0, 0, 0, 0, 0, 1, 1, 10, 11, 3];False
[8, 0, 0, 0, 0, 0, 0, 0, 0, 0, 0, 0, 0, 0, 1, 1, 10, 11, 3];[0, 0, 0, 0, 1, 0];-2;[8, 0, 0, 0, 0, 0, 0, 0, 0, 0, 0, 0, 0, 0, 1, 1, 10, 11, 3];False
[8, 0, 0, 0, 0, 0, 0, 0, 0, 0, 0, 0, 0, 0, 1, 1, 10, 11, 3];[0, 0, 1, 0, 0, 0];-2;[8, 0, 0, 0, 0, 0, 0, 0, 0, 0, 0, 0, 0, 0, 1, 1, 10, 11, 3];False
[8, 0, 0, 0, 0, 0, 0, 0, 0, 0, 0, 0, 0, 0, 1, 1, 10, 11, 3];[0, 0, 1, 0, 0, 0];-2;[8, 0, 0, 0, 0, 0, 0, 0, 0, 0, 0, 0, 0, 0, 1, 1, 10, 11, 3];False
[8, 0, 0, 0, 0, 0, 0, 0, 0, 0, 0, 0, 0, 0, 1, 1, 10, 11, 3];[0, 0, 1, 0, 0, 0];-2;[8, 0, 0, 0, 0, 0, 0, 0, 0, 0, 0, 0, 0, 0, 1, 1, 10, 11, 3];False
[8, 0, 0, 0, 0, 0, 0, 0, 0, 0, 0, 0, 0, 0, 1, 1, 10, 11, 3];[0, 0, 1, 0, 0, 0];-2;[8, 0, 0, 0, 0, 0, 0, 0, 0, 0, 0, 0, 0, 0, 1, 1, 10, 11, 3];False
[8, 0, 0, 0, 0, 0, 0, 0, 0, 0, 0, 0, 0, 0, 1, 1, 10, 11, 3];[0, 1, 0, 0, 0, 0];-1;[9, 0, 1, 1, 0, 0, 1, 1, 0, 0, 0, 0, 0, 0, 1, 1, 0, 11, 3];False
[9, 0, 1, 1, 0, 0, 1, 1, 0, 0, 0, 0, 0, 0, 1, 1, 0, 11, 3];[0, 0, 0, 0, 0, 1];-1;[9, 0, 1, 1, 0, 0, 1, 1, 0, 0, 0, 0, 0, 0, 1, 1, 0, 11, 3];False
[9, 0, 1, 1, 0, 0, 1, 1, 0, 0, 0, 0, 0, 0, 1, 1, 0, 11, 3];[0, 0, 1, 0, 0, 0];-2;[9, 0, 1, 1, 0, 0, 1, 1, 0, 0, 0, 0, 0, 0, 1, 1, 0, 11, 3];False
[9, 0, 1, 1, 0, 0, 1, 1, 0, 0, 0, 0, 0, 0, 1, 1, 0, 11, 3];[0, 0, 1, 0, 0, 0];-2;[9, 0, 1, 1, 0, 0, 1, 1, 0, 0, 0, 0, 0, 0, 1, 1, 0, 11, 3];False
[9, 0, 1, 1, 0, 0, 1, 1, 0, 0, 0, 0, 0, 0, 1, 1, 0, 11, 3];[0, 0, 0, 0, 0, 1];-1;[9, 0, 1, 1, 0, 0, 1, 1, 0, 0, 0, 0, 0, 0, 1, 1, 0, 11, 3];False
[9, 0, 1, 1, 0, 0, 1, 1, 0, 0, 0, 0, 0, 0, 1, 1, 0, 11, 3];[0, 0, 1, 0, 0, 0];-2;[9, 0, 1, 1, 0, 0, 1, 1, 0, 0, 0, 0, 0, 0, 1, 1, 0, 11, 3];False
[9, 0, 1, 1, 0, 0, 1, 1, 0, 0, 0, 0, 0, 0, 1, 1, 0, 11, 3];[0, 0, 1, 0, 0, 0];-2;[9, 0, 1, 1, 0, 0, 1, 1, 0, 0, 0, 0, 0, 0, 1, 1, 0, 11, 3];False
[9, 0, 1, 1, 0, 0, 1, 1, 0, 0, 0, 0, 0, 0, 1, 1, 0, 11, 3];[0, 1, 0, 0, 0, 0];-1;[10, 0, 1, 0, 0, 0, 1, 0, 0, 0, 0, 0, 0, 0, 1, 1, 0, 11, 3];False
[10, 0, 1, 0, 0, 0, 1, 0, 0, 0, 0, 0, 0, 0, 1, 1, 0, 11, 3];[0, 0, 1, 0, 0, 0];-2;[10, 0, 1, 0, 0, 0, 1, 0, 0, 0, 0, 0, 0, 0, 1, 1, 0, 11, 3];False
[10, 0, 1, 0, 0, 0, 1, 0, 0, 0, 0, 0, 0, 0, 1, 1, 0, 11, 3];[0, 0, 0, 0, 1, 0];-2;[10, 0, 1, 0, 0, 0, 1, 0, 0, 0, 0, 0, 0, 0, 1, 1, 0, 11, 3];False
[10, 0, 1, 0, 0, 0, 1, 0, 0, 0, 0, 0, 0, 0, 1, 1, 0, 11, 3];[0, 0, 0, 0, 0, 1];-1;[10, 0, 1, 0, 0, 0, 1, 0, 0, 0, 0, 0, 0, 0, 1, 1, 0, 11, 3];False
[10, 0, 1, 0, 0, 0, 1, 0, 0, 0, 0, 0, 0, 0, 1, 1, 0, 11, 3];[0, 0, 1, 0, 0, 0];-2;[10, 0, 1, 0, 0, 0, 1, 0, 0, 0, 0, 0, 0, 0, 1, 1, 0, 11, 3];False
[10, 0, 1, 0, 0, 0, 1, 0, 0, 0, 0, 0, 0, 0, 1, 1, 0, 11, 3];[0, 0, 0, 0, 0, 1];-1;[10, 0, 1, 0, 0, 0, 1, 0, 0, 0, 0, 0, 0, 0, 1, 1, 0, 11, 3];False
[10, 0, 1, 0, 0, 0, 1, 0, 0, 0, 0, 0, 0, 0, 1, 1, 0, 11, 3];[0, 0, 1, 0, 0, 0];-2;[10, 0, 1, 0, 0, 0, 1, 0, 0, 0, 0, 0, 0, 0, 1, 1, 0, 11, 3];False
[10, 0, 1, 0, 0, 0, 1, 0, 0, 0, 0, 0, 0, 0, 1, 1, 0, 11, 3];[0, 0, 1, 0, 0, 0];-2;[10, 0, 1, 0, 0, 0, 1, 0, 0, 0, 0, 0, 0, 0, 1, 1, 0, 11, 3];False
[10, 0, 1, 0, 0, 0, 1, 0, 0, 0, 0, 0, 0, 0, 1, 1, 0, 11, 3];[0, 0, 1, 0, 0, 0];-2;[10, 0, 1, 0, 0, 0, 1, 0, 0, 0, 0, 0, 0, 0, 1, 1, 0, 11, 3];False
[10, 0, 1, 0, 0, 0, 1, 0, 0, 0, 0, 0, 0, 0, 1, 1, 0, 11, 3];[0, 0, 0, 1, 0, 0];100;[10, 1, 1, 1, 1, 1, 1, 1, 1, 1, 1, 100, 0, 0, 1, 1, 1, 11, 3];False
[11, 10, 0, 0, 0, 0, 1, 1, 1, 1, 1, 1, 1, 1, 0, 1, 1, 9, 0];[0, 0, 0, 0, 0, 1];-1;[11, 10, 0, 0, 0, 0, 1, 1, 1, 1, 1, 1, 1, 1, 0, 1, 1, 9, 0];False
[11, 10, 0, 0, 0, 0, 1, 1, 1, 1, 1, 1, 1, 1, 0, 1, 1, 9, 0];[0, 0, 1, 0, 0, 0];-1;[11, 9, 0, 0, 0, 0, 1, 1, 1, 1, 1, 1, 1, 1, 0, 1, 1, 9, 0];False
[11, 9, 0, 0, 0, 0, 1, 1, 1, 1, 1, 1, 1, 1, 0, 1, 1, 9, 0];[0, 0, 1, 0, 0, 0];-1;[11, 8, 0, 0, 0, 0, 1, 1, 1, 1, 1, 1, 1, 1, 0, 1, 1, 9, 0];False
[11, 8, 0, 0, 0, 0, 1, 1, 1, 1, 1, 1, 1, 1, 0, 1, 1, 9, 0];[0, 0, 1, 0, 0, 0];-1;[11, 7, 0, 0, 0, 0, 1, 1, 1, 1, 1, 1, 1, 1, 0, 1, 1, 9, 0];False
[11, 7, 0, 0, 0, 0, 1, 1, 1, 1, 1, 1, 1, 1, 0, 1, 1, 9, 0];[0, 0, 1, 0, 0, 0];-1;[11, 6, 0, 0, 0, 0, 1, 1, 1, 1, 1, 1, 1, 1, 0, 1, 1, 9, 0];False
[11, 6, 0, 0, 0, 0, 1, 1, 1, 1, 1, 1, 1, 1, 0, 1, 1, 9, 0];[0, 0, 0, 0, 0, 1];-1;[11, 6, 0, 0, 0, 0, 1, 1, 1, 1, 1, 1, 1, 1, 0, 1, 1, 9, 0];False
[11, 6, 0, 0, 0, 0, 1, 1, 1, 1, 1, 1, 1, 1, 0, 1, 1, 9, 0];[0, 0, 0, 1, 0, 0];-1;[11, 7, 1, 1, 1, 1, 1, 1, 1, 1, 0, 0, 0, 0, 1, 1, 0, 9, 0];False
[11, 7, 1, 1, 1, 1, 1, 1, 1, 1, 0, 0, 0, 0, 1, 1, 0, 9, 0];[0, 0, 0, 0, 0, 1];-1;[11, 7, 1, 1, 1, 1, 1, 1, 1, 1, 0, 0, 0, 0, 1, 1, 0, 9, 0];False
[11, 7, 1, 1, 1, 1, 1, 1, 1, 1, 0, 0, 0, 0, 1, 1, 0, 9, 0];[0, 0, 1, 0, 0, 0];-1;[11, 6, 0, 0, 0, 0, 1, 1, 1, 1, 1, 1, 1, 1, 0, 1, 1, 9, 0];False
[11, 6, 0, 0, 0, 0, 1, 1, 1, 1, 1, 1, 1, 1, 0, 1, 1, 9, 0];[0, 0, 0, 1, 0, 0];-1;[11, 7, 1, 1, 1, 1, 1, 1, 1, 1, 0, 0, 0, 0, 1, 1, 0, 9, 0];False
[11, 7, 1, 1, 1, 1, 1, 1, 1, 1, 0, 0, 0, 0, 1, 1, 0, 9, 0];[0, 0, 0, 1, 0, 0];-1;[11, 8, 1, 1, 1, 0, 1, 1, 1, 0, 0, 0, 0, 0, 1, 1, 0, 9, 0];False
[11, 8, 1, 1, 1, 0, 1, 1, 1, 0, 0, 0, 0, 0, 1, 1, 0, 9, 0];[0, 0, 0, 1, 0, 0];-1;[11, 9, 1, 1, 0, 0, 1, 1, 0, 0, 0, 0, 0, 0, 1, 1, 0, 9, 0];False
[11, 9, 1, 1, 0, 0, 1, 1, 0, 0, 0, 0, 0, 0, 1, 1, 0, 9, 0];[0, 0, 0, 1, 0, 0];-1;[11, 10, 1, 0, 0, 0, 1, 0, 0, 0, 0, 0, 0, 0, 1, 1, 0, 9, 0];False
[11, 10, 1, 0, 0, 0, 1, 0, 0, 0, 0, 0, 0, 0, 1, 1, 0, 9, 0];[0, 0, 0, 1, 0, 0];-1;[11, 11, 0, 0, 0, 0, 0, 0, 0, 0, 0, 0, 0, 0, 1, 1, 0, 9, 0];False
[11, 11, 0, 0, 0, 0, 0, 0, 0, 0, 0, 0, 0, 0, 1, 1, 0, 9, 0];[0, 0, 0, 1, 0, 0];-2;[11, 11, 0, 0, 0, 0, 0, 0, 0, 0, 0, 0, 0, 0, 1, 1, 0, 9, 0];False
[11, 11, 0, 0, 0, 0, 0, 0, 0, 0, 0, 0, 0, 0, 1, 1, 0, 9, 0];[0, 0, 0, 0, 1, 0];-2;[11, 11, 0, 0, 0, 0, 0, 0, 0, 0, 0, 0, 0, 0, 1, 1, 0, 9, 0];False
[11, 11, 0, 0, 0, 0, 0, 0, 0, 0, 0, 0, 0, 0, 1, 1, 0, 9, 0];[0, 0, 1, 0, 0, 0];-1;[11, 10, 0, 0, 0, 0, 1, 1, 1, 1, 1, 1, 1, 1, 0, 1, 1, 9, 0];False
[11, 10, 0, 0, 0, 0, 1, 1, 1, 1, 1, 1, 1, 1, 0, 1, 1, 9, 0];[0, 0, 0, 1, 0, 0];-1;[11, 11, 0, 0, 0, 0, 0, 0, 0, 0, 0, 0, 0, 0, 1, 1, 0, 9, 0];False
[11, 11, 0, 0, 0, 0, 0, 0, 0, 0, 0, 0, 0, 0, 1, 1, 0, 9, 0];[0, 0, 0, 1, 0, 0];-2;[11, 11, 0, 0, 0, 0, 0, 0, 0, 0, 0, 0, 0, 0, 1, 1, 0, 9, 0];False
[11, 11, 0, 0, 0, 0, 0, 0, 0, 0, 0, 0, 0, 0, 1, 1, 0, 9, 0];[0, 0, 0, 1, 0, 0];-2;[11, 11, 0, 0, 0, 0, 0, 0, 0, 0, 0, 0, 0, 0, 1, 1, 0, 9, 0];False
[11, 11, 0, 0, 0, 0, 0, 0, 0, 0, 0, 0, 0, 0, 1, 1, 0, 9, 0];[0, 0, 0, 1, 0, 0];-2;[11, 11, 0, 0, 0, 0, 0, 0, 0, 0, 0, 0, 0, 0, 1, 1, 0, 9, 0];False
[11, 11, 0, 0, 0, 0, 0, 0, 0, 0, 0, 0, 0, 0, 1, 1, 0, 9, 0];[0, 0, 0, 1, 0, 0];-2;[11, 11, 0, 0, 0, 0, 0, 0, 0, 0, 0, 0, 0, 0, 1, 1, 0, 9, 0];False
[11, 11, 0, 0, 0, 0, 0, 0, 0, 0, 0, 0, 0, 0, 1, 1, 0, 9, 0];[0, 0, 0, 1, 0, 0];-2;[11, 11, 0, 0, 0, 0, 0, 0, 0, 0, 0, 0, 0, 0, 1, 1, 0, 9, 0];False
[11, 11, 0, 0, 0, 0, 0, 0, 0, 0, 0, 0, 0, 0, 1, 1, 0, 9, 0];[0, 0, 0, 1, 0, 0];-2;[11, 11, 0, 0, 0, 0, 0, 0, 0, 0, 0, 0, 0, 0, 1, 1, 0, 9, 0];False
[11, 11, 0, 0, 0, 0, 0, 0, 0, 0, 0, 0, 0, 0, 1, 1, 0, 9, 0];[0, 0, 0, 0, 0, 1];-1;[11, 11, 0, 0, 0, 0, 0, 0, 0, 0, 0, 0, 0, 0, 1, 1, 0, 9, 0];False
[11, 11, 0, 0, 0, 0, 0, 0, 0, 0, 0, 0, 0, 0, 1, 1, 0, 9, 0];[0, 0, 0, 0, 1, 0];-2;[11, 11, 0, 0, 0, 0, 0, 0, 0, 0, 0, 0, 0, 0, 1, 1, 0, 9, 0];False
[11, 11, 0, 0, 0, 0, 0, 0, 0, 0, 0, 0, 0, 0, 1, 1, 0, 9, 0];[0, 1, 0, 0, 0, 0];-2;[11, 11, 0, 0, 0, 0, 0, 0, 0, 0, 0, 0, 0, 0, 1, 1, 0, 9, 0];False
[11, 11, 0, 0, 0, 0, 0, 0, 0, 0, 0, 0, 0, 0, 1, 1, 0, 9, 0];[0, 0, 0, 1, 0, 0];-2;[11, 11, 0, 0, 0, 0, 0, 0, 0, 0, 0, 0, 0, 0, 1, 1, 0, 9, 0];False
[11, 11, 0, 0, 0, 0, 0, 0, 0, 0, 0, 0, 0, 0, 1, 1, 0, 9, 0];[0, 1, 0, 0, 0, 0];-2;[11, 11, 0, 0, 0, 0, 0, 0, 0, 0, 0, 0, 0, 0, 1, 1, 0, 9, 0];False
[11, 11, 0, 0, 0, 0, 0, 0, 0, 0, 0, 0, 0, 0, 1, 1, 0, 9, 0];[0, 0, 0, 1, 0, 0];-2;[11, 11, 0, 0, 0, 0, 0, 0, 0, 0, 0, 0, 0, 0, 1, 1, 0, 9, 0];False
[11, 11, 0, 0, 0, 0, 0, 0, 0, 0, 0, 0, 0, 0, 1, 1, 0, 9, 0];[0, 0, 0, 0, 0, 1];-1;[11, 11, 0, 0, 0, 0, 0, 0, 0, 0, 0, 0, 0, 0, 1, 1, 0, 9, 0];False
[11, 11, 0, 0, 0, 0, 0, 0, 0, 0, 0, 0, 0, 0, 1, 1, 0, 9, 0];[0, 0, 0, 1, 0, 0];-2;[11, 11, 0, 0, 0, 0, 0, 0, 0, 0, 0, 0, 0, 0, 1, 1, 0, 9, 0];False
[11, 11, 0, 0, 0, 0, 0, 0, 0, 0, 0, 0, 0, 0, 1, 1, 0, 9, 0];[0, 0, 0, 0, 0, 1];-1;[11, 11, 0, 0, 0, 0, 0, 0, 0, 0, 0, 0, 0, 0, 1, 1, 0, 9, 0];False
[11, 11, 0, 0, 0, 0, 0, 0, 0, 0, 0, 0, 0, 0, 1, 1, 0, 9, 0];[0, 1, 0, 0, 0, 0];-2;[11, 11, 0, 0, 0, 0, 0, 0, 0, 0, 0, 0, 0, 0, 1, 1, 0, 9, 0];False
[11, 11, 0, 0, 0, 0, 0, 0, 0, 0, 0, 0, 0, 0, 1, 1, 0, 9, 0];[0, 0, 0, 1, 0, 0];-2;[11, 11, 0, 0, 0, 0, 0, 0, 0, 0, 0, 0, 0, 0, 1, 1, 0, 9, 0];False
[11, 11, 0, 0, 0, 0, 0, 0, 0, 0, 0, 0, 0, 0, 1, 1, 0, 9, 0];[0, 1, 0, 0, 0, 0];-2;[11, 11, 0, 0, 0, 0, 0, 0, 0, 0, 0, 0, 0, 0, 1, 1, 0, 9, 0];False
[11, 11, 0, 0, 0, 0, 0, 0, 0, 0, 0, 0, 0, 0, 1, 1, 0, 9, 0];[0, 0, 0, 1, 0, 0];-2;[11, 11, 0, 0, 0, 0, 0, 0, 0, 0, 0, 0, 0, 0, 1, 1, 0, 9, 0];False
[11, 11, 0, 0, 0, 0, 0, 0, 0, 0, 0, 0, 0, 0, 1, 1, 0, 9, 0];[0, 0, 0, 1, 0, 0];-2;[11, 11, 0, 0, 0, 0, 0, 0, 0, 0, 0, 0, 0, 0, 1, 1, 0, 9, 0];False
[11, 11, 0, 0, 0, 0, 0, 0, 0, 0, 0, 0, 0, 0, 1, 1, 0, 9, 0];[0, 0, 0, 1, 0, 0];-2;[11, 11, 0, 0, 0, 0, 0, 0, 0, 0, 0, 0, 0, 0, 1, 1, 0, 9, 0];False
[11, 11, 0, 0, 0, 0, 0, 0, 0, 0, 0, 0, 0, 0, 1, 1, 0, 9, 0];[0, 0, 0, 1, 0, 0];-2;[11, 11, 0, 0, 0, 0, 0, 0, 0, 0, 0, 0, 0, 0, 1, 1, 0, 9, 0];False
[11, 11, 0, 0, 0, 0, 0, 0, 0, 0, 0, 0, 0, 0, 1, 1, 0, 9, 0];[0, 0, 0, 1, 0, 0];-2;[11, 11, 0, 0, 0, 0, 0, 0, 0, 0, 0, 0, 0, 0, 1, 1, 0, 9, 0];False
[11, 11, 0, 0, 0, 0, 0, 0, 0, 0, 0, 0, 0, 0, 1, 1, 0, 9, 0];[0, 0, 0, 1, 0, 0];-2;[11, 11, 0, 0, 0, 0, 0, 0, 0, 0, 0, 0, 0, 0, 1, 1, 0, 9, 0];False
[11, 11, 0, 0, 0, 0, 0, 0, 0, 0, 0, 0, 0, 0, 1, 1, 0, 9, 0];[0, 0, 0, 1, 0, 0];-2;[11, 11, 0, 0, 0, 0, 0, 0, 0, 0, 0, 0, 0, 0, 1, 1, 0, 9, 0];False
[11, 11, 0, 0, 0, 0, 0, 0, 0, 0, 0, 0, 0, 0, 1, 1, 0, 9, 0];[0, 1, 0, 0, 0, 0];-2;[11, 11, 0, 0, 0, 0, 0, 0, 0, 0, 0, 0, 0, 0, 1, 1, 0, 9, 0];False
[11, 11, 0, 0, 0, 0, 0, 0, 0, 0, 0, 0, 0, 0, 1, 1, 0, 9, 0];[0, 0, 0, 1, 0, 0];-2;[11, 11, 0, 0, 0, 0, 0, 0, 0, 0, 0, 0, 0, 0, 1, 1, 0, 9, 0];False
[11, 11, 0, 0, 0, 0, 0, 0, 0, 0, 0, 0, 0, 0, 1, 1, 0, 9, 0];[0, 1, 0, 0, 0, 0];-2;[11, 11, 0, 0, 0, 0, 0, 0, 0, 0, 0, 0, 0, 0, 1, 1, 0, 9, 0];False
[11, 11, 0, 0, 0, 0, 0, 0, 0, 0, 0, 0, 0, 0, 1, 1, 0, 9, 0];[0, 0, 0, 1, 0, 0];-2;[11, 11, 0, 0, 0, 0, 0, 0, 0, 0, 0, 0, 0, 0, 1, 1, 0, 9, 0];False
[11, 11, 0, 0, 0, 0, 0, 0, 0, 0, 0, 0, 0, 0, 1, 1, 0, 9, 0];[0, 1, 0, 0, 0, 0];-2;[11, 11, 0, 0, 0, 0, 0, 0, 0, 0, 0, 0, 0, 0, 1, 1, 0, 9, 0];False
